122541 42.86
122569 40.20
122599 43.30
122628 37.87
122656 31.57
122686 40.22
122716 42.07
122744 43.00
122774 42.33
122803 36.63
122831 34.59
122861 41.66
122890 41.45
122919 36.63
122948 40.75
122978 40.65
123006 35.28
123035 38.95
123065 37.94
123094 37.82
123122 36.84
123151 36.58
123180 32.07
123209 36.38
123238 32.09
123267 34.44
123295 33.56
123324 33.07
123353 30.36
123381 29.89
123410 29.74
123439 28.69
123466 26.41
123495 26.46
123524 24.87
123551 24.63
123580 23.29
123608 22.11
123635 19.93
123664 18.57
123692 17.24
123719 16.24
123747 14.39
123774 12.90
123802 10.96
123829 9.93
123855 8.30
123881 6.47
123908 4.92
123933 4.10